 3076
 7013
 4812
 9753
 7760
 7509
 4206
 9854
 2722
 9909
 6820
 7283
 4667
 8708
 7259
 3184
 7315
 3791
 3660
 3170
 6118
 8527
 6345
 5482
 6623
 7723
 4743
 3742
 2148
 3626
 6652
 7539
 9742
 9600
 4918
 3920
 6071
 7833
 3845
 8515
 6718
 3917
 3854
 6944
 2132
 2372
 9627
 6035
 9702
 6916
 2198
 9964
 4335
 2427
 2459
 3758
 6832
 9607
 1865
 9977
 8214
 8304
 8342
 8929
 8219
 6022
 1997
 8737
 1380
 8343
 6840
 4589
 5142
 6173
 8255
 1381
 4813
 6730
 3624
 6064
 6888
 8423
 3823
 4955
 7238
 8572
 2131
 9704
 5962
 5724
 9311
 8772
 9747
 1852
 3333
 3951
 7747
 5341
 7928
 3407
 5201
 2502
 5456
 1975
 5268
 9799
 6111
 6140
 3834
 4623
 9405
 5857
 2911
 4216
 5162
 6073
 7167
 7936
 3526
 9959
 9318
 6993
 1783
 9233
 5288
 7853
 2907
 2802
 4929
 7227
 4514
 2438
 2678
 3264
 6899
 4503
 7162
 2654
 3069
 7872
 4288
 6845
 3293
 7476
 3161
 1730
 2685
 2498
 6177
 2788
 3529
 9380
 4241
 4401
 8170
 4625
 7412
 3426
 6029
 4712
 2489
 7463
 3837
 6668
 5998
 8798
 3773
 6857
 8769
 6030
 8928
 8715
 6381
 3836
 6918
 8889
 6087
 7836
 6300
 8686
 3020
 8589
 3727
 3070
 6113
 5952
 2402
 6436
 2195
 2753
 4301
 6076
 6081
 6835
 4968
 2733
 7305
 2815
 3177
 5208
 5933
 3036
 7595
 2331
 6778
 2406
 9972
 8925
 2163
 2341
 6728
 6816
 7475
 3434
 4760
 3814
 3322
 4719
 9467
 2784
 4641
 6770
 9055
 3906
 3028
 5928
 7859
 8388
 3896
 2830
 7183
 4563
 1719
 4640
 3300
 7562
 6754
 6085
 7873
 3384
 9948
 9842
 3085
 4985
 3663
 7823
 3242
 8851
 3248
 3445
 4664
 9407
 7837
 4573
 7523
 6786
 5852
 3796
 3291
 9119
 9882
 8267
 2653
 9787
 4343
 8570
 7512
 8905
 4557
 7273
 3689
 6771
 8714
 4624
 6314
 2894
 6362
 6336
 6208
 2901
 5204
 4462
 4028
 2750
 7202
 6819
 8273
 4107
 6310
 9359
 5358
 3513
 1847
 7244
 2337
 4645
 9619
 7630
 2904
 8624
 3366
 2450
 8260
 9768
 3140
 5019
 2593
 8133
 8001
 2692
 4739
 2284
 6049
 7972
 5287
 8182
 3421
 8098
 9934
 2176
 9308
 9880
 4989
 5999
 4062
 2924
 6879
 4644
 7266
 7175
 3955
 2209
 2667
 3803
 8385
 6908
 8707
 8095
 6704
 6924
 8088
 2221
 8345
 5983
 8709
 2172
 6656
 7725
 2122
 3747
 3774
 1418
 6032
 3734
 4847
 8940
 4326
 3237
 4348
 3853
 2492
 4769
 4709
 9479
 1435
 6083
 4820
 3294
 6486
 2493
 4304
 6891
 2882
 6038
 4282
 3658
 3835
 9517
 6050
 8771
 2153
 9696
 7835
 3241
 6089
 9610
 7831
 6721
 3183
 4825
 2388
 7551
 3772
 2428
 1867
 6091
 1407
 9888
 8148
 9914
 4966
 3141
 2588
 2683
 7596
 7621
 6925
 4699
 8057
 6059
 8886
 7898
 9358
 6396
 4208
 7604
 2658
 7918
 2769
 3784
 4088
 8293
 8685
 6722
 2351
 3189
 2927
 4549
 7265
 8946
 2352
 4659
 3648
 6737
 7877
 7822
 6163
 5989
 9603
 8242
 3662
 3785
 7860
 3911
 9857
 3754
 3646
 6033
 7278
 7591
 7520
 3521
 3136
 3802
 7427
 2206
 2292
 3817
 2445
 3423
 5304
 9478
 3198
 6798
 6273
 3223
 6636
 2196
 6093
 7608
 9446
 6677
 4628
 1431
 9719
 2315
 6161
 4951
 4650
 3280
 8473
 2384
 2805
 7466
 2471
 6859
 3260
 3913
 9078
 2175
 5721
 4952
 4762
 7219
 2730
 6079
 3665
 3667
 5742
 2349
 6701
 8793
 1973
 9739
 9759
 9110
 6864
 6494
 7240
 6943
 9709
 2325
 9748
 6472
 9613
 3850
 8933
 9437
 1956
 3794
 6255
 6077
 6928
 6361
 2819
 6328
 8541
 4771
 9423
 3692
 5758
 8935
 2763
 7212
 6955
 7947
 7148
 7296
 2311
 3442
 3661
 6080
 6034
 8725
 3910
 5906
 6670
 8891
 2413
 9820
 9438
 1401
 9439
 6099
 8912
 8914
 6972
 4798
 6750
 2715
 3682
 6218
 9057
 2112
 8208
 6932
 7841
 6092
 5698
 6961
 4849
 9381
 5391
 9202
 4523
 9377
 2670
 6156
 7745
 3250
 3175
 7481
 3182
 6282
 4979
 3808
 9936
 3861
 6084
 4356
 9755
 2533
 3943
 6618
 8392
 6822
 8361
 3417
 4221
 9532
 3173
 5449
 4046
 5726
 4187
 6259
 6644
 7555
 5939
 8186
 4768
 4578
 2705
 9765
 1802
 1896
 3160
 3953
 1793
 1844
 2917
 8609
 6294
 8705
 6492
 5959
 7994
 5122
 7746
 6125
 7485
 6926
 9063
 3892
 6703
 5815
 8397
 9436
 9511
 1833
 6408
 9007
 6149
 7314
 3166
 7487
 7414
 7858
 6858
 4528
 5218
 6877
 3694
 6914
 6661
 6664
 2389
 6645
 6380
 4661
 8585
 4800
 4642
 6513
 8591
 7959
 7733
 8289
 6368
 3672
 7249
 6628
 4564
 4588
 7647
 3376
 8016
 6428
 3143
 9637
 5912
 6136
 6757
 7614
 3113
 3674
 6103
 8217
 6205
 2905
 3096
 7434
 1736
 3839
 6889
 2666
 9832
 9317
 5816
 5987
 7628
 7727
 7827
 4684
 4733
 3288
 3583
 3111
 8041
 2454
 4583
 9685
 3181
 4556
 3133
 4452
 2371
 8154
 2294
 4521
 9674
 2811
 7256
 6952
 1812
 3001
 4031
 3010
 6391
 2777
 7421
 6416
 9869
 6390
 9468
 2612
 9081
 8081
 9678
 5819
 4118
 1376
 1897
 5979
 5984
 8020
 8096
 6402
 7961
 2669
 7208
 3209
 8076
 9661
 8703
 9697
 6184
 9364
 8037
 2220
 9695
 3904
 7248
 4572
 2229
 2789
 7952
 4616
 5614
 5921
 4361
 3045
 4117
 9107
 9179
 7012
 1777
 4673
 6414
 7703
 7851
 6292
 3443
 2664
 6648
 9322
 2689
 8123
 3604
 4657
 8545
 9919
 9503
 4613
 9903
 1992
 9059
 1942
 4047
 7585
 7181
 3372
 2216
 7602
 7855
 7297
 4275
 3775
 2301
 9769
 9470
 7599
 5935
 3765
 4777
 6346
 7953
 6912
 3444
 8160
 6896
 6327
 6317
 9872
 1734
 9930
 4707
 8551
 3409
 1866
 2930
 2719
 3082
 2801
 4547
 6498
 2700
 6409
 5196
 7461
 6378
 8107
 9368
 7908
 2410
 4834
 6070
 2698
 4575
 7751
 7739
 8060
 9508
 7180
 8596
 1959
 2335
 9369
 2809
 6973
 5440
 9130
 9073
 6742
 6837
 4735
 9680
 6971
 6881
 7615
 8369
 9723
 7914
 9849
 2436
 7838
 5997
 3670
 6874
 9616
 1951
 5971
 9647
 6853
 1981
 4151
 3553
 2300
 7226
 8706
 8093
 1301
 4569
 8370
 3194
 2503
 9636
 7122
 8118
 7962
 9375
 9041
 8244
 1944
 3799
 6861
 2594
 6036
 3830
 9764
 6289
 2817
 8215
 9853
 4318
 8864
 2332
 3034
 3398
 2708
 2193
 1764
 5388
 6326
 7709
 1861
 4996
 3607
 3900
 2695
 4240
 3656
 3106
 5216
 6796
 3405
 4336
 3024
 3148
 3387
 5187
 6370
 4705
 7955
 9171
 2776
 5602
 3355
 4763
 2138
 1757
 9698
 4674
 7812
 8253
 4023
 7997
 9855
 5352
 2307
 3320
 3675
 3168
 7726
 7517
 9428
 8104
 7889
 6047
 3903
 7847
 8999
 3261
 3150
 3632
 7533
 4594
 9656
 2440
 9850
 7625
 7990
 6457
 4229
 3002
 8334
 2425
 2373
 2150
 6747
 9687
 9726
 9008
 9009
 3035
 9433
 8818
 9045
 9312
 9006
 9049
 3760
 9539
 8544
 7242
 4321
 4960
 6919
 2928
 3325
 2915
 9621
 7939
 1663
 2408
 8282
 5966
 7251
 6484
 9856
 8168
 3420
 2681
 9828
 2772
 2411
 6249
 2359
 6137
 7276
 4097
 4367
 5603
 8425
 7963
 6297
 7878
 7868
 8617
 7504
 4748
 8416
 1948
 9025
 4026
 5406
 9046
 6016
 3038
 7946
 7554
 2580
 2579
 7722
 1605
 3956
 7984
 3098
 9943
 6060
 2157
 7513
 6112
 5021
 8844
 3349
 3386
 9973
 4923
 4222
 9876
 2222
 7494
 9766
 4902
 4956
 9422
 3647
 8077
 4967
 8742
 5915
 6301
 7949
 3580
 7945
 1721
 3739
 3844
 2780
 8218
 2224
 6349
 7612
 3908
 5909
 3668
 7616
 9895
 6639
 7438
 6999
 1743
 3635
 6905
 4922
 3246
 7516
 6397
 5410
 4962
 2340
 7519
 1893
 3319
 3032
 8111
 8871
 3744
 8254
 6031
 7581
 1999
 2376
 4312
 4751
 3852
 3810
 7779
 3683
 9536
 4776
 3123
 3408
 4078
 9967
 6358
 9039
 7567
 4633
 1377
 8395
 8201
 5194
 9900
 6675
 6065
 7255
 3778
 4761
 5189
 9353
 9641
 6303
 1826
 2736
 9990
 2786
 2501
 9776
 8065
 2814
 2923
 1807
 7420
 8163
 9996
 6287
 9176
 4651
 2180
 7022
 9898
 7829
 3436
 6387
 1408
 3244
 4555
 8699
 6901
 8097
 8381
 8903
 3228
 8119
 2659
 4234
 6584
 7623
 1961
 6044
 2134
 9065
 6417
 8138
 8018
 5932
 9639
 4995
 6707
 8130
 1972
 7888
 7922
 2762
 6964
 3435
 5985
 6882
 1984
 8150
 6307
 6357
 3277
 6518
 1960
 6777
 4536
 6736
 6444
 7450
 1788
 2587
 9989
 3441
 4592
 8934
 9628
 3395
 7883
 5697
 1841
 4471
 5958
 8011
 6516
 9052
 5481
 3058
 8257
 3176
 8904
 1420
 8136
 9366
 7486
 3187
 8137
 5929
 4656
 2734
 1405
 6769
 9986
 3271
 3331
 3770
 3950
 2185
 4507
 8366
 3109
 6088
 7713
 7980
 4099
 8387
 9507
 1933
 2317
 3804
 3826
 3677
 3766
 7527
 3771
 2345
 2480
 6869
 9543
 8355
 4911
 4837
 2435
 8341
 7762
 3360
 6994
 8710
 5351
 8132
 8909
 2926
 2903
 6957
 6590
 3697
 9304
 6340
 2228
 6222
 8184
 7701
 7150
 7309
 8227
 8364
 1803
 2309
 7482
 8205
 9885
 6753
 4678
 3179
 7839
 8079
 8090
 9104
 9601
 1711
 7979
 9475
 4990
 2004
 5002
 4752
 6384
 5953
 4004
 5805
 3954
 7404
 5103
 9969
 9385
 3909
 7819
 1414
 7274
 6658
 3907
 7243
 3192
 3004
 4063
 7970
 9399
 6274
 9760
 9083
 1724
 9014
 6299
 6458
 5660
 8075
 8141
 6967
 6379
 6824
 8303
 7415
 6844
 3131
 5380
 6339
 4615
 3125
 6319
 5401
 2327
 1952
 5563
 2395
 1879
 8893
 6911
 4406
 4582
 6507
 6086
 5542
 5903
 7224
 7607
 2437
 4826
 9099
 6633
 3698
 3458
 9692
 4320
 2304
 9740
 2710
 4725
 1936
 7613
 5757
 6407
 6669
 3083
 4345
 2169
 2487
 7743
 1739
 4926
 7638
 2687
 5411
 2613
 9513
 4291
 3046
 2124
 4185
 6074
 7942
 5020
 5907
 4832
 7702
 3063
 9896
 2462
 4552
 4975
 4308
 2914
 6473
 2479
 8508
 9889
 2749
 6632
 2721
 5817
 3779
 3086
 3719
 9991
 7768
 1434
 3195
 2876
 3080
 3066
 5282
 3777
 6907
 3914
 3679
 3597
 6072
 7161
 9717
 4686
 4287
 8584
 5342
 6445
 7172
 9758
 6740
 2599
 2453
 6055
 7774
 2538
 8595
 7408
 6625
 2729
 8396
 8356
 9835
 6440
 9826
 3157
 9942
 3191
 8173
 4720
 1782
 9675
 3712
 9638
 8333
 9899
 3710
 7508
 8101
 6674
 2160
 8783
 7559
 6026
 4784
 9449
 3788
 7177
 3769
 3633
 6180
 3695
 7214
 7705
 2174
 3841
 5970
 2686
 7448
 4584
 2694
 6403
 3197
 9412
 4120
 7635
 7649
 9307
 9932
 9684
 7735
 8005
 7711
 6785
 7269
 9987
 7480
 1846
 6405
 9360
 2305
 6923
 7718
 8043
 8850
 7849
 3393
 3092
 9206
 3230
 8089
 9795
 3415
 4109
 9816
 3071
 7816
 9778
 9632
 5277
 8739
 9622
 4838
 9417
 1514
 6817
 5232
 4005
 5713
 5110
 8053
 6302
 4008
 6355
 9303
 5802
 1949
 8830
 8870
 4203
 5191
 1911
 3501
 7544
 2375
 7777
 8358
 9819
 5990
 3945
 3094
 6279
 6947
 4770
 4548
 8061
 2179
 1898
 6286
 6834
 6653
 4963
 6724
 8050
 9076
 2872
 6144
 1937
 9024
 9734
 4341
 7531
 6748
 6460
 7857
 4204
 4228
 4212
 1928
 9976
 9878
 3042
 1662
 7758
 9735
 4342
 9640
 3741
 2611
 7464
 3382
 8410
 7896
 3750
 4293
 6626
 4999
 2782
 7776
 3696
 9625
 9051
 9069
 9824
 8165
 8898
 2374
 4044
 4801
 3238
 2916
 2156
 7992
 3569
 8135
 3057
 5289
 1811
 6267
 8281
 4559
 9028
 7164
 7550
 9474
 2385
 4972
 7413
 3578
 7850
 4775
 2399
 6938
 2768
 3711
 9003
 3634
 4965
 6143
 3571
 6758
 8729
 1768
 7902
 6942
 3733
 4464
 3371
 9984
 4726
 2321
 4779
 3671
 8152
 3040
 4284
 1987
 9867
 8630
 4344
 4565
 8158
 2186
 3375
 7965
 4231
 1979
 8537
 4574
 4581
 3359
 4649
 1904
 1801
 4994
 6342
 1968
 5541
 7250
 8835
 5233
 9040
 6470
 2902
 1758
 6164
 6663
 4091
 9941
 4626
 6976
 2481
 4113
 6325
 8166
 8625
 4242
 4914
 5458
 1969
 8007
 8233
 7590
 9087
 7312
 5923
 1966
 8225
 2676
 6338
 7885
 1994
 6155
 1762
 5283
 6424
 7921
 7981
 7867
 4974
 2531
 8897
 4025
 5918
 6121
 2293
 9982
 4215
 6013
 6322
 6432
 2151
 7875
 6150
 4502
 7510
 4248
 7968
 6395
 7239
 7989
 8159
 4319
 5809
 7268
 6266
 4080
 7619
 7218
 9644
 1828
 4508
 2668
 6624
 9127
 6838
 1419
 6768
 7740
 4679
 9743
 7643
 4235
 1716
 4082
 1799
 4461
 7458
 9035
 4568
 8746
 8059
 6640
 8750
 2215
 9363
 3880
 4653
 4245
 5702
 8840
 4246
 6367
 5900
 7775
 7905
 8692
 8023
 2791
 6430
 4750
 8529
 8324
 9979
 2816
 4629
 6962
 6138
 7538
 1814
 9793
 1712
 4202
 1980
 4577
 8563
 1878
 9367
 3202
 7609
 8044
 4366
 6373
 6743
 5471
 7245
 2590
 3205
 2675
 3947
 5951
 4116
 3551
 6635
 7912
 9797
 4506
 4611
 7907
 7262
 6023
 8806
 6383
 6622
 6478
 1822
 9818
 7462
 3073
 6895
 2662
 2883
 8247
 3816
 8601
 9082
 5610
 1925
 3107
 6459
 4850
 4665
 3068
 2475
 6619
 7432
 5337
 7825
 2164
 8398
 5993
 4098
 9012
 6850
 8331
 8337
 3178
 6062
 3877
 7895
 5607
 8030
 9476
 3952
 8117
 6846
 9319
 5992
 1971
 9852
 1491
 4519
 1964
 4558
 8530
 2139
 8382
 5974
 9504
 4617
 3251
 1941
 9540
 5461
 8513
 2053
 8145
 9502
 9402
 3075
 9624
 5946
 8014
 8185
 6915
 5387
 6366
 6897
 2417
 2418
 8025
 6101
 6332
 8039
 2398
 8338
 6217
 1840
 7937
 8157
 7308
 8052
 6371
 4540
 3391
 6351
 5386
 2485
 6803
 8795
 6481
 1935
 7501
 7236
 4636
 3832
 3608
 6809
 3738
 6762
 4687
 9401
 6775
 7277
 6463
 3172
 5363
 4358
 4027
 4331
 9746
 3302
 6763
 6333
 9708
 3401
 7610
 7217
 7313
 6716
 8249
 3089
 5217
 3666
 6246
 6028
 6629
 3787
 6678
 1965
 6852
 3762
 4349
 6337
 3625
 1815
 2404
 1905
 2191
 4987
 6637
 3915
 6627
 3356
 4543
 9409
 9413
 8207
 6776
 2181
 2751
 7958
 9846
 5945
 9812
 8841
 4767
 3245
 3652
 6146
 2379
 4631
 9782
 6141
 3050
 9682
 3079
 2432
 3686
 3782
 2397
 7228
 5234
 4980
 8114
 6048
 4772
 2326
 4819
 4764
 4281
 3916
 3392
 4061
 6706
 8144
 6365
 3640
 3630
 6902
 4324
 6517
 4576
 3905
 3628
 2145
 3848
 3346
 1885
 4045
 5008
 6848
 1882
 6466
 9605
 4816
 9133
 8071
 5301
 9173
 3577
 8616
 6995
 9022
 9761
 2754
 1720
 3289
 9631
 3067
 4635
 1945
 8035
 2760
 4186
 9701
 8766
 9531
 6335
 9193
 7597
 9005
 7721
 7719
 5448
 6772
 4745
 8070
 6360
 5981
 5423
 7729
 8439
 8040
 8804
 9633
 7173
 5445
 9501
 5807
 9672
 9681
 3316
 7815
 8842
 7235
 4746
 1766
 6801
 6617
 6502
 6104
 6588
 1983
 8920
 4042
 9960
 1835
 8181
 5332
 8038
 5012
 2006
 3297
 8274
 9001
 9036
 5975
 9602
 5707
 4093
 4409
 9533
 5781
 8346
 4333
 5727
 8129
 7422
 7446
 8349
 2329
 9506
 5484
 4634
 6330
 6210
 1890
 5453
 4970
 5105
 5936
 8614
 2875
 5901
 2107
 9306
 5310
 8151
 9686
 6655
 6505
 4976
 5964
 4828
 9351
 3101
 7971
 5856
 3402
 8558
 3329
 4553
 6643
 3437
 3708
 4043
 1892
 7913
 2761
 4754
 1860
 4100
 8550
 8383
 7911
 7862
 7640
 9070
 5967
 7472
 1805
 7231
 7732
 8542
 8147
 6898
 3878
 6309
 1921
 8600
 8365
 7203
 6201
 8015
 3116
 7282
 4840
 2178
 9830
 3347
 3286
 2154
 3047
 9058
 7818
 9715
 2342
 4551
 3193
 4369
 2009
 6363
 3397
 6382
 8704
 3093
 6616
 6069
 4704
 9365
 3204
 5973
 7923
 1946
 3361
 9729
 3167
 3433
 7648
 9444
 4728
 8923
 5956
 8142
 2737
 3946
 5271
 6369
 6315
 7483
 5714
 4924
 3087
 6171
 9924
 3793
 4310
 7532
 2303
 7018
 8013
 3374
 9384
 7624
 6496
 7716
 5941
 6439
 9643
 1827
 6411
 7987
 1787
 8594
 6166
 2204
 5408
 7442
 6715
 7447
 6239
 9733
 8012
 2899
 8521
 7715
 9829
 6878
 8139
 9663
 8522
 9048
 6797
 7903
 5922
 9788
 4627
 2922
 4571
 6276
 2790
 6268
 7014
 8085
 1850
 9044
 7887
 7399
 9034
 8367
 7417
 7435
 9017
 9408
 4465
 7731
 9699
 7500
 5161
 6591
 8327
 9031
 9021
 1820
 7545
 5658
 5393
 9792
 4541
 6996
 8854
 6467
 9902
 7943
 4218
 8091
 4403
 7105
 2218
 7578
 5184
 2871
 5011
 2055
 4463
 5367
 1963
 6042
 6376
 4243
 3201
 9767
 6306
 9373
 9072
 5343
 4021
 7222
 7201
 8291
 9066
 2602
 7230
 6157
 7490
 2897
 5413
 2117
 2002
 6641
 8881
 3105
 4550
 6271
 6284
 6293
 1916
 8248
 3440
 5186
 4977
 6493
 7021
 1515
 9810
 4033
 5104
 6151
 6651
 5957
 3524
 6988
 2003
 2877
 3110
 6145
 1929
 1738
 5991
 4669
 7932
 1881
 9913
 6946
 6930
 3851
 4007
 4064
 5302
 5333
 8174
 5491
 8301
 2393
 5703
 6997
 4539
 5476
 3891
 6791
 5269
 9386
 6375
 4201
 6958
 7102
 8072
 4114
 4516
 1332
 4362
 7287
 6471
 3863
 5659
 2001
 6929
 4205
 6998
 5609
 5612
 9062
 2108
 5214
 9432
 1950
 1931
 5334
 6480
 8697
 1884
 1909
 2282
 7995
 4690
 5262
 4119
 6461
 6490
 4612
 2162
 5480
 6178
 9101
 4736
 1938
 9843
 7988
 3828
 8086
 7986
 1429
 3751
 8518
 8922
 5202
 6974
 6291
 8892
 8877
 4327
 6063
 2127
 7600
 4829
 4716
 1606
 4092
 4094
 8032
 4272
 9728
 3276
 1771
 1914
 6418
 6356
 9706
 4658
 9873
 5398
 1954
 5279
 9201
 6807
 4973
 6849
 4783
 3315
 2488
 4920
 4323
 7915
 8945
 3252
 8511
 2892
 6741
 5753
 6040
 5905
 5729
 5631
 3306
 7771
 5010
 9074
 7814
 4041
 2353
 3341
 9424
 6977
 3849
 9404
 9425
 7950
 6935
 1723
 9908
 6594
 6951
 6855
 6779
 4619
 9310
 6788
 6039
 4997
 1873
 4781
 3514
 5950
 4095
 6097
 6025
 3723
 5942
 6870
 3512
 7869
 7820
 7291
 2795
 9651
 6871
 2702
 6751
 3645
 5210
 8056
 7891
 2703
 7575
 5355
 9060
 2499
 6734
 7169
 6256
 6863
 7974
 3921
 3627
 4346
 6634
 3186
 2120
 4814
 3842
 3659
 3622
 7518
 3394
 5976
 9421
 7985
 6744
 4928
 7919
 5237
 7419
 7879
 2128
 9716
 4307
 3231
 8604
 6254
 5331
 5943
 7744
 7611
 3054
 4299
 7279
 7506
 3275
 2810
 3457
 8996
 7856
 7467
 9736
 2173
 7433
 7637
 2433
 9731
 2831
 7570
 8230
 4958
 1808
 8359
 9950
 7425
 9870
 2792
 3895
 3174
 7552
 3030
 6497
 6131
 9037
 6965
 3134
 2286
 8894
 6904
 4410
 7444
 9780
 7416
 2742
 9042
 6018
 7636
 8078
 7561
 3676
 2674
 4925
 6324
 3377
 3151
 9957
 3352
 3011
 6078
 2491
 2467
 3418
 9956
 8648
 7832
 5195
 6773
 5988
 3919
 7846
 5695
 3847
 3021
 3840
 9232
 7577
 2168
 4833
 6752
 6860
 1924
 3641
 4809
 7817
 2726
 8251
 6894
 8283
 7587
 3461
 2778
 6165
 9845
 4666
 6181
 6866
 2477
 8191
 9435
 2137
 3948
 9029
 8536
 9020
 2058
 6247
 4530
 4217
 8586
 5486
 6305
 6581
 6756
 6501
 7004
 8036
 9086
 6810
 2136
 3654
 1413
 7205
 2469
 1982
 7514
 9892
 8368
 8386
 3224
 2415
 6090
 3003
 9362
 5821
 7863
 3059
 6258
 6245
 2764
 7781
 9535
 8379
 9033
 6806
 6433
 4517
 9791
 9658
 2464
 4827
 3048
 3811
 3041
 3180
 3623
 2268
 1726
 4734
 9414
 3328
 5015
 4316
 3452
 4694
 4337
 2818
 3416
 6731
 2743
 7956
 2925
 4766
 1871
 3918
 7618
 7865
 9629
 5994
 3649
 2338
 6954
 8298
 8028
 4671
 7215
 4921
 2461
 3137
 3266
 9514
 1430
 8917
 3454
 9983
 6037
 2929
 2796
 3807
 3687
 8713
 8789
 2060
 2767
 4295
 3396
 6890
 6794
 6075
 2323
 4662
 2330
 3726
 8275
 9445
 8362
 9790
 8540
 8354
 7870
 8562
 6420
 1899
 6960
 2291
 7871
 9608
 9075
 5185
 9361
 8278
 9906
 2752
 7299
 5212
 6134
 7260
 9966
 9010
 5803
 4620
 5121
 5009
 6474
 7957
 2405
 3515
 5940
 3138
 6257
 7864
 7270
 8860
 6400
 6142
 4554
 2607
 5017
 9749
 1770
 9722
 3370
 6167
 3600
 2908
 6702
 6719
 6755
 4793
 6945
 6476
 6406
 6504
 6654
 8740
 2114
 1848
 4901
 1775
 4237
 6295
 3104
 5965
 5384
 7917
 2211
 5199
 7605
 4676
 4368
 7505
 4538
 7241
 6986
 1813
 9757
 6839
 4998
 4845
 4722
 8462
 2468
 8424
 3753
 3317
 7840
 6094
 6343
 3843
 5715
 5801
 6937
 4848
 8087
 2159
 2586
 6814
 3944
 7826
 2226
 8209
 6312
 3284
 3165
 3681
 7593
 7717
 3313
 6448
 6176
 5108
 2804
 2208
 3655
 2706
 3091
 3776
 4347
 3673
 5930
 9978
 9471
 6347
 7502
 7813
 6836
 2449
 2391
 2714
 7646
 2281
 3254
 7707
 7246
 4290
 9945
 3763
 3528
 4298
 7893
 3236
 8256
 2344
 6412
 9929
 8276
 8803
 4593
 6927
 2656
 6058
 1433
 8175
 9783
 2412
 3724
 9904
 9974
 1383
 6183
 9441
 9997
 6027
 6262
 3053
 4587
 1352
 6469
 9679
 8559
 6203
 3593
 3865
 8325
 6364
 5446
 4992
 7897
 1379
 8377
 3055
 2747
 8524
 9537
 6989
 1930
 9505
 1989
 1384
 7634
 6465
 6804
 6277
 1906
 4274
 1832
 9534
 2573
 9085
 9509
 5902
 8363
 8105
 3190
 3196
 3680
 9720
 4112
 3077
 6856
 7748
 4115
 7267
 6826
 2483
 6745
 1382
 7741
 3688
 3639
 2608
 8519
 5412
 4247
 7601
 4239
 4927
 3657
 4695
 8908
 5381
 7925
 6485
 6489
 1824
 7821
 6281
 1883
 6586
 6135
 9890
 3132
 8073
 8995
 1795
 2008
 6454
 3171
 8171
 8198
 2655
 8287
 7465
 7603
 1810
 8628
 6969
 7261
 7456
 7901
 3088
 4365
 7452
 8237
 9887
 4364
 7730
 8698
 8728
 8732
 6592
 7991
 9823
 3756
 8252
 5463
 8228
 9067
 8245
 4102
 7594
 9866
 9980
 2551
 8613
 7524
 3422
 5982
 9068
 3159
 2919
 2288
 3399
 7894
 8700
 9313
 1333
 8046
 7537
 8002
 9763
 6264
 7834
 6316
 7515
 5344
 9090
 7565
 4917
 2652
 3901
 3135
 6419
 3121
 7844
 7920
 6005
 8374
 3232
 1718
 7455
 2121
 7247
 6159
 3169
 1722
 1728
 8203
 7441
 9962
 8022
 8411
 9664
 3321
 8285
 8066
 5273
 8350
 7899
 6269
 4183
 5706
 1737
 1776
 1821
 8309
 8316
 2109
 9302
 7003
 6966
 8801
 8031
 1868
 1518
 8131
 3099
 3439
 7280
 7976
 6331
 4182
 4188
 8058
 7451
 8802
 7211
 7011
 5632
 3864
 9301
 3636
 6503
 5711
 8306
 8593
 5820
 5192
 6767
 7916
 8622
 8543
 6862
 8554
 9946
 6479
 5356
 3822
 6638
 8155
 6495
 3424
 6620
 8393
 8560
 3431
 2773
 6265
 4404
 4238
 7931
 1417
 4544
 4919
 7983
 9928
 3685
 3299
 7521
 7220
 8336
 9635
 7999
 7927
 7292
 7477
 6981
 7264
 8115
 6280
 9357
 1869
 4668
 6787
 9115
 6334
 3388
 2269
 1976
 6709
 9744
 9077
 6508
 2207
 8927
 1717
 7284
 8103
 8869
 6875
 3318
 9551
 6172
 5644
 4971
 2400
 6659
 3815
 4824
 3154
 3678
 3824
 6067
 3353
 4350
 3902
 7749
 4875
 2370
 7459
 2369
 6095
 4586
 7780
 6676
 4570
 2130
 3043
 8153
 4534
 3097
 3064
 3669
 3912
 3664
 6647
 1853
 5464
 4524
 6455
 5986
 7714
 9837
 2201
 2264
 1798
 8682
 3653
 5018
 2217
 4765
 2812
 8279
 7488
 7460
 3385
 2267
 3153
 2354
 6506
 9324
 7271
 4957
 7298
 1870
 4689
 6941
 5284
 1780
 8108
 1789
 8344
 3598
 8418
 6147
 2212
 9993
 3022
 5955
 6240
 8051
 9305
 7426
 4792
 6392
 4351
 9831
 1919
 5285
 1967
 8127
 5444
 9064
 7886
 8190
 8360
 2144
 7571
 7951
 7272
 6250
 9994
 6630
 8074
 8006
 1934
 4531
 9370
 7182
 2270
 6393
 5013
 7229
 8747
 2806
 2497
 7606
 3222
 6278
 2597
 3258
 3103
 6815
 7254
 6061
 6425
 3390
 5949
 9707
 3800
 8113
 8270
 3858
 6662
 2362
 2458
 3185
 2484
 2673
 5741
 4585
 3798
 4334
 2931
 3156
 6985
 6482
 8787
 4842
 2146
 9418
 2158
 9376
 4732
 2152
 2540
 6800
 6841
 5911
 6248
 7443
 8332
 5101
 8045
 2874
 5280
 6488
 3221
 9861
 5451
 2290
 7906
 9671
 7294
 9955
 1939
 8008
 5357
 6298
 3358
 2693
 2798
 6158
 1773
 9419
 4839
 1888
 4512
 8125
 2813
 6727
 3591
 4718
 3199
 4696
 7522
 8931
 2735
 9927
 2918
 3344
 7564
 2429
